86.0
55.666666666666664
61.333333333333336
56.0
73.0
59.666666666666664
65.66666666666667
58.0
67.66666666666667
76.0
86.33333333333333
83.0
63.333333333333336
45.333333333333336
51.0
64.0
87.0
82.0
75.0
28.333333333333332
63.333333333333336
42.666666666666664
55.333333333333336
77.66666666666667
47.333333333333336
77.0
95.33333333333333
55.0
55.666666666666664
72.33333333333333
60.333333333333336
71.33333333333333
87.33333333333333
54.333333333333336
67.0
78.0
48.333333333333336
57.666666666666664
72.33333333333333
44.0
89.33333333333333
71.66666666666667
72.0
69.66666666666667
64.33333333333333
47.666666666666664
41.666666666666664
31.333333333333332
70.66666666666667
27.333333333333332
78.66666666666667
56.666666666666664
41.333333333333336
62.666666666666664
64.66666666666667
86.0
74.33333333333333
31.666666666666668
78.33333333333333
70.66666666666667
69.0
54.666666666666664
57.0
50.0
50.0
88.33333333333333
74.0
70.0
60.333333333333336
46.666666666666664
56.333333333333336
66.66666666666667
81.66666666666667
56.0
63.0
73.33333333333333
50.0
76.66666666666667
66.0
54.333333333333336
75.0
62.333333333333336
51.666666666666664
88.0
67.0
53.0
67.33333333333333
67.66666666666667
53.666666666666664
52.333333333333336
61.82222222222222 62.67777777777778 66.81111111111112
